20
25
36
77
113
120
143
181
197
220
240
329
330
365
372
425
445
456
482
507
511
1435
20
25
36
77
113
120
143
181
197
220
240
329
330
365
372
425
445
456
482
507
511
1435
20
25
36
77
113
120
143
181
197
220
240
329
330
365
372
425
445
456
482
507
511
1435
20
25
36
77
113
120
143
181
197
220
240
329
330
365
372
425
445
456
482
507
511
1435
20
25
36
77
113
120
143
181
197
220
240
329
330
365
372
425
445
456
482
507
511
1435
20
25
36
77
113
120
143
181
197
220
240
329
330
365
372
425
445
456
482
507
511
1435
20
25
36
77
113
120
143
181
197
220
240
329
330
365
372
425
445
456
482
507
511
1435
20
25
36
77
113
120
143
181
197
220
240
329
330
365
372
425
445
456
482
507
511
1435
